1 => 90,92
4 => 82
5 => 56
6 => 18
7 => 1,37
9 => 14,69
10 => 50,58,68
12 => 29,34,35,59,60
15 => 79
17 => 38
18 => 22,85
19 => 27
20 => 74
24 => 11
26 => 16
29 => 31
32 => 0,20
33 => 10,24,51,72
35 => 4,21
36 => 73
41 => 83
42 => 66,77
43 => 12,19,70,84,86,91,94
46 => 52
50 => 46,61,65,81
51 => 2,44
53 => 48
54 => 30
58 => 36
59 => 28,63,80
60 => 8,39,93
63 => 6,97,99
64 => 17,42,54,71
65 => 3,49
68 => 15,64,95
72 => 5,88
75 => 25,32,40,76,78
76 => 45
80 => 57
81 => 89
82 => 23,55
83 => 87
84 => 7
86 => 13
87 => 9,47,62
93 => 53,96
94 => 26
95 => 41,43,67,75,98
head of tree => 33
